 3700.9872    3700.97999   0.00068
 3751.0219    3751.02291   0.00059
 3752.5700    3752.56886   0.00051
 3754.5930    3754.56993   0.02304
 3758.4671    3758.46779   0.00039
 3783.2964    3783.29770   0.00061
 3785.6002    3785.60968   0.00780
 3792.3740    3792.37284   0.00040
 3798.1030    3798.10282   0.00028
 3840.8004    3840.80021   0.00036
 3841.9601    3841.96102   0.00016
 3845.4055    3845.40428   0.00036
 3872.7222    3872.71423   0.00062
 3891.9792    3891.97950   0.00040
 3915.8489    3915.86455   0.01413
 3962.4196    3962.41985   0.00166
 3972.6395    3972.63889   0.00038
 3973.1961    3973.19662   0.00022
 3974.4766    3974.47744   0.00021
 3980.0896    3980.08941   0.00061
 4018.0990    4018.10663   0.00037
 4029.8256    4029.82527   0.00029
 4030.2925    4030.29152   0.00082
 4064.3315    4064.33134   0.00017
 4067.4507    4067.45098   0.00020
 4069.4612    4069.39009   0.02187
 4070.2383    4070.23844   0.00008
 4071.7513    4071.74729   0.00024
 4098.9327    4098.93161   0.00044
 4104.3821    4104.38264   0.00042
 4105.9150    4105.91154   0.00081
 4107.8614    4107.85865   0.00048
 4154.7205    4154.72045   0.00112
 4159.6599    4159.51987   0.03208
 4161.7389    4161.73971   0.00033
 4162.5090    4162.50844   0.00025
 4163.6469    4163.64922   0.00045
 4168.6341    4168.63283   0.00005
 4208.4108    4208.41051   0.00068
 4213.0673    4213.06738   0.00025
 4214.8285    4214.82838   0.00018
 4216.3722    4216.37326   0.00099
 4217.4308    4217.43185   0.00076
 4220.0651    4220.06882   0.00041
 4257.8982    4257.88808   0.00767
 4269.9426    4269.94248   0.00046
 4272.8745    4272.87452   0.00019
 4275.1596    4275.16072   0.00040
 4276.8073    4276.80736   0.00043
 4304.9565    4304.95619   0.00062
 4308.6001    4308.59488   0.00092
 4318.4157    4318.41523   0.00021
 4325.2741    4325.27282   0.00042
 4357.6132    4357.61226   0.00043
 4363.7945    4363.79584   0.00099
 4374.7851    4374.79298   0.00045
 4416.2370    4416.23709   0.00031
 4421.5439    4421.54695   0.00071
 4424.8373    4424.83753   0.00046
 4432.2523    4432.25179   0.00020
 4435.6787    4435.68121   0.00190
 4438.7464    4438.74626   0.00091
 4439.1237    4439.12316   0.00046
 4439.8793    4439.87998   0.00079
 4440.5737    4440.57342   0.00037
 4440.8659    4440.86592   0.00031
 4443.6657    4443.66601   0.00053
 4479.6376    4479.63798   0.00054
 4487.4955    4487.45300   0.01585
 4488.3123    4488.31125   0.00076
 4489.6645    4489.66396   0.00024
 4498.5384    4498.53939   0.00033
 4510.5259    4510.52664   0.00065
 4532.2577    4532.25782   0.00043
 4537.6426    4537.64425   0.00025
 4544.5142    4544.51387   0.00024
 4547.2498    4547.24951   0.00035
 4547.7589    4547.75946   0.00051
 4552.1536    4552.15552   0.00020
 4558.3458    4558.34549   0.00044
 4596.3078    4596.30760   0.00029
 4602.8862    4602.88563   0.00097
 4607.9347    4607.93463   0.00021
 4608.6201    4608.55814   0.01884
 4611.8597    4611.85864   0.00058
 4612.5435    4612.54617   0.00105
 4613.6044    4613.60495   0.00019
 4615.0240    4615.02466   0.00032
 4615.3340    4615.33360   0.00020
 4619.4794    4619.48172   0.00120
 4675.3760    4675.37569   0.00088
 4680.2377    4680.23671   0.00026
 4680.6460    4680.64144   0.00064
 4720.7811    4720.78221   0.00044
 4728.1330    4728.13445   0.00102
 4741.3039    4741.30633   0.00061
 4742.1174    4742.11827   0.00045
 4745.3375    4745.33146   0.00032
 4792.0819    4792.08246   0.00046
 4800.1724    4800.17137   0.00065
 4812.3755    4812.37582   0.00075
 4813.7204    4813.72041   0.00058
 4867.5560    4867.55484   0.00017
 4871.2890    4871.28924   0.00018
 4876.4949    4876.49607   0.00042
 4925.4254    4925.42187   0.00091
 4927.2988    4927.29803   0.00071
 4933.8521    4933.85009   0.00028
 4938.5047    4938.50546   0.00080
 4947.5752    4947.57191   0.00042
 4950.2513    4950.24872   0.00045
 4994.1058    4994.10668   0.00048
 4999.9398    4999.93980   0.00074
 5009.9367    5009.97422   0.00760
 5015.8893    5015.89003   0.00023
 5017.5084    5017.56235   0.01289
 5021.2531    5021.16500   0.01821
 5022.0051    5022.00649   0.00050
 5069.3384    5069.33388   0.00109
 5081.4462    5081.44671   0.00023
 5084.9935    5084.99374   0.00050
 5090.0513    5090.05130   0.00096
 5095.0639    5095.06292   0.00036
 5146.0557    5146.05606   0.00092
 5149.2069    5149.20665   0.00072
 5165.7728    5165.77350   0.00025
 5168.9225    5168.92125   0.00094
 5173.6715    5173.67123   0.00030
 5175.9115    5175.91068   0.00075
 5220.7068    5220.70515   0.00058
 5233.2254    5233.22600   0.00023
 5234.1069    5234.10887   0.00103
 5240.1968    5240.19694   0.00023
 5301.4043    5301.40402   0.00036
 5317.4944    5317.49486   0.00020
 5320.7699    5320.76846   0.00085
 5325.1438    5325.14280   0.00026
 5325.4317    5325.43139   0.00037
 5329.3745    5329.37506   0.00089
 5337.0154    5337.01748   0.00150
 5397.5160    5397.51841   0.00028
 5398.7015    5398.70192   0.00022
 5398.9219    5398.91892   0.00025
 5399.1745    5399.17469   0.00022
 5399.6218    5399.62076   0.00077
 5400.1455    5400.14535   0.00038
 5402.6048    5402.60736   0.00030
 5403.1993    5403.20024   0.00025
 5407.3439    5407.34550   0.00032
 5484.1467    5484.14420   0.00024
 5488.6287    5488.63106   0.00032
 5493.2040    5493.20295   0.00020
 5499.6478    5499.64682   0.00025
 5501.2814    5501.28035   0.00030
 5507.5385    5507.54095   0.00029
 5508.5585    5508.55830   0.00050
 5555.5312    5555.53118   0.00031
 5577.6845    5577.68526   0.00021
 5580.0771    5580.07662   0.00023
 5580.7547    5580.75540   0.00053
 5581.9668    5581.96215   0.00025
 5583.7621    5583.76116   0.00024
 5590.1127    5590.11345   0.00027
 5599.6548    5599.65380   0.00064
 5645.8947    5645.89043   0.00039
 5654.0234    5654.02370   0.00026
 5663.0420    5663.04243   0.00026
 5664.6210    5664.62029   0.00098
 5665.6283    5665.62860   0.00024
 5667.1281    5667.12822   0.00024
 5673.8358    5673.83538   0.00030
 5674.9864    5674.99096   0.00023
 5681.9001    5681.90698   0.00035
 5742.0838    5742.08163   0.00070
 5767.7785    5767.77833   0.00024
 5771.7601    5771.75872   0.00045
 5772.1143    5772.11704   0.00031
 5777.4006    5777.39944   0.00030
 5838.9502    5838.94864   0.00028
 5854.1207    5854.12094   0.00024
 5857.4491    5857.44973   0.00024
 5868.3745    5868.37289   0.00023
 5869.8507    5869.85012   0.00023
 5870.5526    5870.54867   0.00027
 5871.1828    5871.18126   0.00025
 5886.5314    5886.53089   0.00029
 5936.3861    5936.38328   0.00033
 5937.1619    5937.16137   0.00031
 5955.5616    5955.56266   0.00030
 5969.7373    5969.73655   0.00023
 5986.2665    5986.26502   0.00051
 6055.5937    6055.59209   0.00048
 6059.3725    6059.37466   0.00021
 6061.5361    6061.53539   0.00044
 6069.0207    6069.02017   0.00024
 6073.1036    6073.10168   0.00022
 6077.1057    6077.10420   0.00025
 6078.4212    6078.42064   0.00023
 6087.2622    6087.26165   0.00031
 6098.1205    6098.12136   0.00035
 6099.0831    6099.08327   0.00027
 6150.6830    6150.68244   0.00031
 6169.8221    6169.82270   0.00024
 6170.1740    6170.17949   0.00021
 6172.2778    6172.27964   0.00022
 6173.0964    6173.10040   0.00021
 6193.8563    6193.85553   0.00028
 6200.4325    6200.43240   0.00028
 6205.8599    6205.86084   0.00027
 6208.6869    6208.68747   0.00031
 6258.6068    6258.60455   0.00035
 6266.1737    6266.17281   0.00031
 6277.2385    6277.23959   0.00027
 6279.9776    6279.95815   0.02006
 6285.2780    6285.27663   0.00127
 6287.2554    6287.25504   0.00031
 6291.1915    6291.19032   0.00057
 6292.8909    6292.89014   0.00021
 6293.2424    6293.24105   0.00024
 6300.9165    6300.91548   0.00036
 6303.2507    6303.24983   0.00023
 6310.8101    6310.81016   0.00035
 6315.7750    6315.77577   0.00030
 6317.1824    6317.18415   0.00043
 6379.6733    6379.67332   0.00029
 6389.3900    6389.39022   0.00030
 6394.0498    6394.04855   0.00032
 6399.2065    6399.20918   0.00040
 6400.6961    6400.70010   0.00021
 6406.4462    6406.44530   0.00027
 6446.7712    6446.77133   0.00042
 6503.5111    6503.51070   0.00032
 6508.3605    6508.36040   0.00036
 6522.0432    6522.04265   0.00034
 6551.7055    6551.70566   0.00032
 6558.8756    6558.87597   0.00031
 6564.4445    6564.44542   0.00035
 6632.0837    6632.08648   0.00039
 6643.6976    6643.70019   0.00026
 6644.6635    6644.66317   0.00027
 6646.5407    6646.54026   0.00026
 6648.4954    6648.49457   0.00033
 6648.9586    6648.95744   0.00029
 6654.3675    6654.36651   0.00044
 6658.6774    6658.67582   0.00023
 6660.6761    6660.67681   0.00023
 6664.0510    6664.05185   0.00022
 6668.8163    6668.81741   0.00032
 6673.5797    6673.58170   0.00142
 6753.6598    6753.65887   0.00036
 6757.1092    6757.10840   0.00028
 6758.2035    6758.20311   0.00026
 6772.1745    6772.18758   0.00025
 6778.3123    6778.31194   0.00027
 6780.1252    6780.12490   0.00027
 6780.4131    6780.41222   0.00024
 6787.7364    6787.73546   0.00026
 6788.8403    6788.83897   0.00029
 6791.2351    6791.23392   0.00034
 6909.8491    6909.84840   0.00026
 6911.2264    6911.22682   0.00024
 6916.1289    6916.12760   0.00042
 6925.0094    6925.01202   0.00035
 6942.5380    6942.53635   0.00024
 6945.4902    6945.49050   0.00028
 6954.6560    6954.65671   0.00040
 7053.6196    7053.61867   0.00025
 7054.4177    7054.42986   0.00043
 7058.4895    7058.48837   0.00031
 7060.0417    7060.04077   0.00030
 7060.6538    7060.65320   0.00025
 7061.3942    7061.39273   0.00041
 7064.4515    7064.45018   0.00026
 7067.2181    7067.21482   0.00404
 7068.7358    7068.73683   0.00027
 7072.3939    7072.39289   0.00026
 7075.3336    7075.33176   0.00033
 7086.7044    7086.70711   0.00026
 7089.3395    7089.33875   0.00033
 7176.7213    7176.72263   0.00030
 7200.0454    7200.04543   0.00026
 7202.1910    7202.19014   0.00032
 7206.4830    7206.48347   0.00124
 7206.9804    7206.98230   0.00025
 7208.0063    7208.00456   0.00029
 7212.6896    7212.68817   0.00037
 7218.0542    7218.05109   0.00026
 7219.1515    7219.14938   0.00030
 7229.9386    7230.15410   0.00158
 7230.8623    7230.85929   0.00050
 7233.5365    7233.53434   0.00050
 7255.3541    7255.35518   0.00042
 7258.1770    7258.17713   0.00040
 7342.5769    7342.57825   0.00042
 7350.8140    7350.81673   0.00024
 7353.2930    7353.29306   0.00024
 7372.1184    7372.11899   0.00027
 7376.8772    7376.87597   0.00037
 7380.4263    7380.42486   0.00029
 7393.4377    7393.43702   0.00034
 7487.9738    7487.97285   0.00043
 7508.4787    7508.48582   0.00070
 7510.4082    7510.41083   0.00029
 7511.3498    7511.34918   0.00062
 7511.7902    7511.79109   0.00045
 7514.6518    7514.64648   0.00744
 7523.1347    7523.13350   0.00032
 7525.5079    7525.50449   0.00028
 7531.1437    7531.14070   0.00150
 7569.5115    7569.50997   0.00046
 7654.6998    7654.69804   0.00035
 7676.2195    7676.21805   0.00052
 7678.1267    7678.12619   0.00027
 7685.3075    7685.30561   0.00045
 7693.8016    7693.70909   0.00087
 7699.7794    7699.78372   0.00153
 7704.8169    7704.81806   0.00032
 7710.2692    7710.26810   0.00032
 7712.4050    7712.25355   0.01838
 7713.9378    7713.93678   0.00067
 7742.5628    7742.56189   0.00072
 7834.4578    7834.45599   0.00197
 7842.2656    7842.26577   0.00055
 7861.9110    7861.91474   0.00188
 7864.0218    7864.02084   0.00039
 7865.9698    7865.96753   0.00025
 7868.1946    7868.19662   0.00023
 7886.2830    7886.28177   0.00029
 7891.0750    7891.07597   0.00029
 7899.6229    7899.74621   0.00141
 7916.4420    7916.44318   0.00040
 8024.2530    8024.25334   0.00043
 8030.2004    8030.19900   0.00041
 8032.4313    8032.43517   0.00589
 8037.2183    8037.22179   0.00032
 8046.1169    8046.11798   0.00033
 8053.3085    8053.30881   0.00023
 8062.6304    8062.62858   0.00046
 8075.6518    8075.64915   0.00034
 8085.2190    8085.21832   0.00041
 8094.0559    8094.05854   0.00038
 8231.4069    8231.40608   0.00048
 8252.3936    8252.39320   0.00030
 8254.7422    8254.74043   0.00059
 8259.5110    8259.51060   0.00070
 8264.5225    8264.51084   0.00544
 8275.6266    8275.60738   0.01353
 8401.9890    8401.98907   0.00047
 8403.7965    8403.80056   0.00078
 8411.9172    8411.89995   0.00082
 8424.6475    8424.62916   0.00795
 8445.4870    8445.48570   0.00032
 8446.5116    8446.50974   0.00032
 8456.3468    8456.48348   0.00337
 8464.2367    8464.23685   0.00029
 8471.8260    8471.82321   0.00035
 8478.3580    8478.35795   0.00038
 8490.3065    8490.30694   0.00045
 8510.6240    8510.62203   0.00061
 8516.5542    8516.55260   0.00044
 8639.4416    8639.43962   0.00035
 8645.3087    8645.30800   0.00036
 8662.1372    8662.14057   0.00059
 8665.4855    8665.48488   0.00031
 8667.9442    8667.94386   0.00121
 8678.4083    8678.40931   0.00040
 8723.7177    8723.71188   0.01298
 8732.4240    8732.42418   0.00052
 8842.0744    8842.07056   0.00038
 8868.8334    8868.83358   0.00034
 8889.1939    8889.06206   0.00466
 8892.9865    8892.98159   0.00051
 8905.6581    8905.65688   0.00039
 8955.8467    8955.84626   0.00039
 9062.5631    9062.56189   0.00044
 9090.8186    9090.81937   0.00062
 9094.8289    9094.83187   0.00027
 9122.9674    9122.96613   0.00981
 9140.5559    9140.58609   0.00220
 9165.8950    9165.89420   0.00035
 9307.8956    9307.89861   0.00045
 9340.7053    9340.70467   0.00045
 9354.2198    9354.21727   0.00063
 9383.2722    9383.27381   0.00037
 9388.9308    9388.93399   0.00036
 9399.0891    9399.09087   0.00037
 9431.5996    9431.60272   0.00086
 9632.6439    9632.64737   0.00058
 9657.7863    9657.79030   0.00379
 9664.6983    9664.70129   0.00074
 3642.2490    3642.24853   0.00112
 3659.6294    3659.62650   0.00130
 3690.6238    3690.62366   0.00108
 3737.8890    3737.92561   0.01275
 3818.6860    3818.68780   0.00240
 3820.7926    3820.80147   0.00894
 3863.4059    3863.40900   0.00233
 3867.5786    3867.24425   0.04600
 3898.4374    3898.44045   0.00088
 3900.8785    3900.87941   0.00182
 3903.1024    3903.10183   0.00121
 3944.2534    3944.26888   0.00040
 3947.5046    3947.50427   0.00063
 3952.7608    3952.75460   0.00019
 3991.7309    3991.73098   0.00025
 4001.0581    4001.05800   0.00017
 4001.8935    4001.89316   0.00021
 4038.2287    4038.23024   0.00105
 4045.9654    4045.95927   0.00584
 4049.5361    4049.52934   0.00614
 4085.4341    4085.43359   0.00051
 4087.2848    4087.28528   0.00036
 4088.7264    4088.72665   0.00023
 4089.1379    4089.13772   0.00016
 4096.0759    4096.07566   0.00025
 4140.2350    4140.23543   0.00025
 4142.7010    4142.70123   0.00014
 4143.6491    4143.64878   0.00029
 4192.3620    4192.36171   0.00031
 4193.0164    4193.01636   0.00018
 4194.9318    4194.93574   0.00015
 4247.9886    4247.98844   0.00041
 4248.3908    4248.39049   0.00049
 4297.3066    4297.30778   0.00018
 4299.8393    4299.83958   0.00018
 4300.6495    4300.64974   0.00015
 4338.1078    4338.10770   0.00027
 4340.8954    4340.89577   0.00025
 4343.9515    4343.95127   0.00017
 4352.2049    4352.20521   0.00016
 4352.6122    4352.61636   0.00028
 4353.4487    4353.44712   0.00016
 4397.9149    4397.91387   0.00043
 4414.7670    4414.77592   0.01360
 4450.8040    4450.79957   0.00047
 4460.5574    4460.55817   0.00027
 4463.6660    4463.66672   0.00042
 4469.5253    4469.52510   0.00019
 4519.2592    4519.25951   0.00017
 4568.1426    4568.14268   0.00039
 4579.8272    4579.82764   0.00023
 4581.1732    4581.17528   0.00047
 4640.0462    4640.04650   0.00042
 4646.6861    4646.68605   0.00046
 4647.2509    4647.25051   0.00020
 4650.2343    4650.23576   0.00032
 4695.4542    4695.45335   0.00033
 4705.7606    4705.76026   0.00023
 4708.2940    4708.29380   0.00020
 4712.4814    4712.47941   0.00019
 4712.8408    4712.84121   0.00028
 4761.1101    4761.10935   0.00063
 4765.5950    4765.59534   0.00022
 4773.2410    4773.24070   0.00027
 4775.3130    4775.31365   0.00038
 4775.7940    4775.79380   0.00020
 4777.1915    4777.19097   0.00024
 4779.7286    4779.72634   0.00024
 4820.4649    4820.46440   0.00038
 4829.7973    4829.79732   0.00032
 4840.4744    4840.47426   0.00028
 4843.9413    4843.92486   0.00024
 4844.1653    4844.16609   0.00029
 4845.1626    4845.16227   0.00035
 4877.8128    4877.81025   0.00032
 4892.7592    4892.76007   0.00034
 4893.4453    4893.44309   0.00072
 4899.2401    4899.24211   0.00045
 4902.7943    4902.79341   0.00029
 4910.1576    4910.15735   0.00018
 4910.7929    4910.79689   0.00023
 4911.3787    4911.37963   0.00028
 4912.5293    4912.52866   0.00021
 4952.6908    4952.71868   0.00922
 4980.1859    4980.18557   0.00023
 4987.1470    4987.14683   0.00035
 5041.1224    5041.12231   0.00049
 5041.5998    5041.60720   0.00057
 5048.9366    5048.93238   0.00045
 5051.8887    5051.88833   0.00038
 5055.3473    5055.34649   0.00021
 5057.9866    5057.98555   0.00022
 5059.8611    5059.86060   0.00018
 5061.6562    5061.65593   0.00019
 5122.4995    5122.49794   0.00040
 5125.4895    5125.49003   0.00031
 5125.9502    5125.94829   0.00022
 5128.4897    5128.48953   0.00025
 5134.7460    5134.74547   0.00019
 5186.4132    5186.41290   0.00062
 5203.8479    5203.84440   0.00039
 5205.1522    5205.15220   0.00021
 5209.7246    5209.72393   0.00021
 5213.3492    5213.34863   0.00020
 5272.9270    5272.92546   0.00029
 5277.1460    5277.14585   0.00039
 5281.0687    5281.06841   0.00022
 5286.8870    5286.88721   0.00039
 5291.8163    5291.81685   0.00022
 5294.3971    5294.39641   0.00020
 5355.6365    5355.63469   0.00047
 5361.1556    5361.15589   0.00049
 5362.5751    5362.57480   0.00021
 5369.2819    5369.28172   0.00026
 5370.7096    5370.70886   0.00020
 5372.7027    5372.70201   0.00024
 5374.8219    5374.82120   0.00021
 5375.3526    5375.35222   0.00021
 5375.7688    5375.76859   0.00051
 5376.1304    5376.12997   0.00020
 5376.7809    5376.77727   0.00021
 5435.8925    5435.89123   0.00030
 5437.3877    5437.38634   0.00032
 5439.9891    5439.99248   0.00037
 5440.6015    5440.59978   0.00035
 5443.1187    5443.12166   0.00030
 5447.1536    5447.15333   0.00023
 5449.4788    5449.47893   0.00029
 5461.7358    5461.73682   0.00046
 5462.6129    5462.61255   0.00045
 5524.9570    5524.95986   0.00041
 5527.2953    5527.29559   0.00032
 5528.2272    5528.22926   0.00060
 5537.5563    5537.55654   0.00045
 5538.6087    5538.60527   0.00027
 5541.1466    5541.14488   0.00025
 5541.5815    5541.58287   0.00049
 5551.3719    5551.37121   0.00021
 5619.9755    5619.98246   0.00032
 5633.2950    5633.29476   0.00027
 5639.7461    5639.74573   0.00020
 5641.7342    5641.73436   0.00050
 5717.1711    5717.17111   0.00046
 5724.4638    5724.46185   0.00028
 5736.0297    5736.02966   0.00022
 5798.4780    5798.47716   0.00028
 5802.0798    5802.08209   0.00022
 5812.9725    5812.96678   0.00492
 5830.8272    5830.82690   0.00027
 5832.3705    5832.37019   0.00019
 5916.7282    5916.72356   0.00034
 5918.9442    5918.94550   0.00023
 5925.4036    5925.40320   0.00025
 5928.8130    5928.81689   0.00023
 5929.9343    5929.93408   0.00023
 5998.9987    5999.00219   0.00024
 6015.4218    6015.42167   0.00022
 6025.1500    6025.15551   0.00024
 6030.4450    6030.44487   0.00025
 6032.1274    6032.12993   0.00023
 6032.8726    6032.86784   0.00443
 6035.1923    6035.19242   0.00024
 6037.6975    6037.69770   0.00024
 6038.6805    6038.68023   0.00022
 6114.5392    6114.53839   0.00028
 6116.1661    6116.16586   0.00024
 6119.6998    6119.68735   0.00519
 6120.5564    6120.55610   0.00029
 6121.4075    6121.40961   0.00031
 6138.6465    6138.65313   0.00024
 6145.4411    6145.44387   0.00024
 6240.9536    6240.95247   0.00036
 6243.1201    6243.12129   0.00025
 6257.4237    6257.42342   0.00024
 6355.6300    6355.63063   0.00032
 6364.8937    6364.88931   0.00550
 6369.1394    6369.13373   0.00030
 6369.5748    6369.57728   0.00026
 6371.9436    6371.94376   0.00026
 6483.0825    6483.08320   0.00025
 6490.7372    6490.73704   0.00028
 6493.1975    6493.19749   0.00026
 6493.7777    6493.77771   0.00027
 6577.6552    6577.65272   0.00033
 6593.4628    6593.46310   0.00032
 6599.4824    6599.48251   0.00033
 6604.8534    6604.85513   0.00030
 6605.4165    6605.41664   0.00028
 6613.3740    6613.38169   0.00027
 6618.1668    6618.16486   0.00031
 6711.2521    6711.25077   0.00032
 6727.4583    6727.45692   0.00029
 6728.1183    6728.11878   0.00034
 6733.7488    6733.74893   0.00034
 6854.1093    6854.10972   0.00028
 6861.2688    6861.27018   0.00031
 6863.5350    6863.53598   0.00032
 6866.3666    6866.36215   0.00471
 6866.7634    6866.76329   0.00033
 6868.4508    6868.45137   0.00030
 6871.2891    6871.29027   0.00029
 6874.7530    6874.75253   0.00029
 6879.5824    6879.58367   0.00024
 6992.2126    6992.20887   0.00661
 6993.0371    6993.02748   0.00780
 7000.8036    7000.80384   0.00027
 7002.8829    7002.88334   0.00036
 7018.5675    7018.56696   0.00027
 7107.4778    7107.48057   0.00025
 7142.3310    7142.33139   0.00045
 7147.0416    7147.04243   0.00028
 7148.5589    7148.55867   0.00030
 7150.2844    7150.28452   0.00028
 7156.9416    7156.93525   0.00030
 7158.8387    7158.83995   0.00025
 7159.9470    7159.93729   0.00034
 7162.5569    7162.55991   0.00029
 7168.8952    7168.89453   0.00029
 7284.9033    7284.90131   0.00034
 7285.4437    7285.44659   0.00041
 7311.7159    7311.71720   0.00024
 7316.0050    7316.00613   0.00030
 7444.7489    7444.73883   0.00830
 7447.8488    7447.83970   0.00712
 7469.0566    7469.13112   0.00432
 7471.1641    7471.16233   0.00035
 7481.3545    7481.35258   0.00038
 7483.6256    7483.61823   0.00653
 7484.3267    7484.32757   0.00036
 7598.2054    7598.19133   0.01118
 7607.8230    7607.81417   0.00712
 7618.3443    7618.33739   0.00740
 7625.7053    7625.70435   0.00030
 7628.8818    7628.88264   0.00035
 7630.3106    7630.30957   0.00037
 7635.1060    7635.09038   0.00894
 7647.3794    7647.37820   0.00028
 7782.3165    7782.30221   0.01090
 7788.9342    7788.93215   0.00030
 7798.3579    7798.33466   0.01343
 7814.3230    7814.31631   0.00814
 7817.7669    7817.76829   0.00040
 7948.1764    7948.16952   0.00490
 7972.5960    7972.59469   0.00044
 7978.9731    7978.97178   0.00031
 7987.9731    7987.97377   0.00030
 7993.6808    7993.67897   0.00049
 8138.4753    8138.45512   0.01231
 8143.1380    8143.12447   0.01095
 8159.7277    8159.72579   0.00036
 8169.7865    8169.78545   0.00038
 8186.9113    8186.90997   0.00029
 8330.4494    8330.44762   0.00031
 8358.7260    8358.72415   0.00051
 8384.7240    8384.72476   0.00035
 8539.7930    8539.79200   0.00037
 8554.9440    8554.94195   0.00038
 8573.1205    8573.11869   0.00039
 8748.0309    8748.03016   0.00031
 8758.2434    8758.24142   0.00027
 8761.6862    8761.68807   0.00025
 8766.7450    8766.74271   0.00029
 8771.8602    8771.86105   0.00029
 8772.8052    8772.79392   0.01001
 8775.5733    8775.57120   0.00029
 8784.5621    8784.54554   0.00949
 8799.0875    8799.08923   0.00040
 8967.6403    8967.64092   0.00042
 9016.5903    9016.58923   0.00034
 9017.5912    9017.59481   0.00049
 9040.1229    9040.06594   0.01217
 9048.2501    9048.24982   0.00037
 9203.9617    9203.96161   0.00052
 9224.4992    9224.48188   0.00509
 9227.5119    9227.48883   0.01661
 9266.2070    9266.20720   0.00044
 9276.2732    9276.27463   0.00037
 9289.5624    9289.56488   0.00045
 9291.5313    9291.53446   0.00044
 9461.0279    9461.03063   0.00063
 9467.1954    9467.19863   0.00064
 9470.6819    9470.68455   0.00044
 9474.8793    9474.88188   0.00040
 9495.4979    9495.50044   0.00038
 9497.1891    9497.19152   0.00043
 9505.3930    9505.37191   0.01645
 9561.2452    9561.24113   0.00889
 3706.7672    3706.76779   0.00053
 3718.2065    3718.20606   0.00022
 3719.4347    3719.43450   0.00020
 3721.8254    3721.82535   0.00015
 3727.9027    3727.90288   0.00023
 3729.3087    3729.30875   0.00032
 3741.1830    3741.18349   0.00023
 3742.9234    3742.92365   0.00024
 3765.2700    3765.26845   0.00016
 3766.1186    3766.11705   0.00027
 3771.3708    3771.37037   0.00036
 3789.1680    3789.16546   0.00017
 3790.7950    3790.79348   0.00204
 3803.0750    3803.07444   0.00055
 3809.4561    3809.45611   0.00031
 3825.1331    3825.12491   0.00654
 3826.8072    3826.80854   0.00036
 3828.3846    3828.38477   0.00017
 3830.7736    3830.77388   0.00014
 3834.6787    3834.67914   0.00086
 3836.5851    3836.57938   0.00021
 3837.8752    3837.87551   0.00016
 3839.6953    3839.69598   0.00017
 3850.5813    3850.58136   0.00022
 3852.1353    3852.13598   0.00026
 3868.5284    3868.52835   0.00016
 3869.6633    3869.66350   0.00050
 3873.1479    3873.14831   0.00038
 3873.4740    3873.47211   0.00032
 3873.8224    3873.82169   0.00015
 3874.2438    3874.24485   0.00065
 3874.8619    3874.86203   0.00016
 3875.3731    3875.37316   0.00012
 3879.6441    3879.64350   0.00597
 3886.9159    3886.91636   0.00016
 3895.4192    3895.41889   0.00016
 3911.9091    3911.91417   0.00022
 3916.4176    3916.41750   0.00015
 3919.0234    3919.02226   0.00018
 3923.7995    3923.80175   0.00115
 3925.0934    3925.09364   0.00014
 3925.7188    3925.71947   0.00014
 3928.6233    3928.62424   0.00014
 3929.6693    3929.66923   0.00013
 3932.9113    3932.91121   0.00018
 3933.6611    3933.66144   0.00013
 3946.1455    3946.10027   0.00012
 3948.0305    3948.03039   0.00015
 3948.9789    3948.97726   0.00013
 3950.3951    3950.39461   0.00015
 3956.6908    3956.68939   0.00023
 3959.3000    3959.29976   0.00014
 3967.3921    3967.39246   0.00019
 3968.4673    3968.46750   0.00015
 3969.0026    3969.00320   0.00026
 3972.1545    3972.15111   0.00233
 3979.3559    3979.35600   0.00019
 3990.4922    3990.49204   0.00017
 3994.5494    3994.54946   0.00025
 3994.7918    3994.79207   0.00017
 4003.3086    4003.30940   0.00022
 4005.0928    4005.09284   0.00013
 4007.0188    4007.02140   0.00029
 4008.2102    4008.21038   0.00015
 4009.0112    4009.04934   0.00010
 4011.7398    4011.74252   0.00015
 4012.4952    4012.49519   0.00013
 4013.8566    4013.85758   0.00022
 4014.7164    4014.71703   0.00034
 4019.1289    4019.12902   0.00012
 4022.0674    4022.07774   0.00013
 4024.8025    4024.80275   0.00016
 4027.0091    4027.00805   0.00012
 4030.8424    4030.84198   0.00013
 4035.4600    4035.46067   0.00022
 4036.0479    4036.04768   0.00013
 4036.5652    4036.56509   0.00015
 4042.8937    4042.89399   0.00013
 4043.3948    4043.39472   0.00014
 4044.4179    4044.41706   0.00025
 4049.9447    4049.94381   0.00022
 4050.8872    4050.88726   0.00017
 4052.9208    4052.92148   0.00011
 4053.5277    4053.52770   0.00019
 4059.2529    4059.25315   0.00011
 4063.4071    4063.40734   0.00051
 4069.2014    4069.20193   0.00014
 4071.9967    4072.00494   0.00010
 4072.3849    4072.38508   0.00010
 4075.5030    4075.50283   0.00012
 4076.6284    4076.62903   0.00012
 4076.9432    4076.94266   0.00019
 4079.5738    4079.57448   0.00012
 4080.7058    4080.68241   0.00051
 4081.3678    4081.36752   0.00025
 4082.3872    4082.38847   0.00026
 4083.4688    4083.46851   0.00016
 4085.0421    4085.04169   0.00060
 4086.5205    4086.52086   0.00013
 4094.7470    4094.74665   0.00038
 4097.7478    4097.74702   0.00012
 4098.7316    4098.73077   0.00035
 4100.3414    4100.34139   0.00010
 4102.6177    4102.61733   0.00015
 4103.9121    4103.90823   0.00013
 4107.0506    4107.05108   0.00041
 4108.4198    4108.41999   0.00010
 4109.3234    4109.32385   0.00013
 4110.8260    4110.83159   0.00030
 4112.7545    4112.75454   0.00013
 4115.7589    4115.75876   0.00014
 4116.7137    4116.71320   0.00012
 4127.4120    4127.41044   0.00020
 4131.0021    4131.01065   0.00705
 4131.7235    4131.72332   0.00010
 4132.7533    4132.75302   0.00023
 4134.0681    4134.07106   0.00013
 4148.1816    4148.18137   0.00027
 4156.5166    4156.51589   0.00015
 4158.5905    4158.59044   0.00012
 4164.1795    4164.18033   0.00011
 4165.7661    4165.76641   0.00013
 4170.5333    4170.53195   0.00012
 4178.0597    4178.05924   0.00033
 4181.8836    4181.88383   0.00011
 4190.7129    4190.71300   0.00011
 4191.0294    4191.02972   0.00013
 4198.3170    4198.31668   0.00019
 4200.6745    4200.67454   0.00011
 4208.8907    4208.88743   0.00009
 4210.9232    4210.92313   0.00011
 4218.6649    4218.66520   0.00017
 4222.6373    4222.63812   0.00038
 4226.7267    4226.72669   0.00010
 4226.9876    4226.98784   0.00013
 4227.3872    4227.38689   0.00025
 4228.1580    4228.15820   0.00012
 4229.1477    4229.14752   0.00014
 4229.8644    4229.86954   0.00032
 4230.4267    4230.42614   0.00031
 4235.4636    4235.46357   0.00019
 4237.2198    4237.21991   0.00011
 4250.3146    4250.31664   0.00010
 4250.7749    4250.77613   0.00035
 4251.1846    4251.18518   0.00012
 4253.5385    4253.53882   0.00019
 4255.2373    4255.23699   0.00029
 4256.2537    4256.25389   0.00015
 4257.4963    4257.49609   0.00010
 4258.5204    4258.52038   0.00009
 4259.3619    4259.36182   0.00010
 4260.3330    4260.33282   0.00011
 4266.2864    4266.28641   0.00012
 4266.5271    4266.52763   0.00017
 4272.1689    4272.16888   0.00010
 4273.3574    4273.35715   0.00012
 4277.3139    4277.31373   0.00017
 4277.5282    4277.52848   0.00010
 4278.3232    4278.32336   0.00016
 4280.5680    4280.56758   0.00017
 4281.0678    4281.06707   0.00021
 4281.4145    4281.41395   0.00036
 4282.0413    4282.04361   0.00015
 4282.8976    4282.89872   0.00017
 4288.6688    4288.66904   0.00019
 4291.8098    4291.80996   0.00018
 4300.1008    4300.10080   0.00014
 4302.5261    4302.52594   0.00012
 4307.1762    4307.17631   0.00011
 4308.1220    4308.12225   0.00012
 4309.2392    4309.23879   0.00015
 4311.7994    4311.79937   0.00014
 4312.9975    4312.99285   0.00009
 4314.3195    4314.31853   0.00018
 4315.2543    4315.25435   0.00010
 4320.1264    4320.12636   0.00016
 4328.9154    4328.91500   0.00019
 4330.8438    4330.84369   0.00034
 4331.1995    4331.19990   0.00011
 4332.0297    4332.03000   0.00014
 4333.5612    4333.56094   0.00012
 4335.3379    4335.33774   0.00012
 4337.0708    4337.07093   0.00016
 4337.2774    4337.27698   0.00019
 4342.4442    4342.44395   0.00017
 4344.3265    4344.32631   0.00019
 4345.1680    4345.16818   0.00013
 4346.4367    4346.43418   0.00028
 4348.0640    4348.06425   0.00011
 4349.0722    4349.07241   0.00018
 4358.3200    4358.32005   0.00021
 4359.3719    4359.37202   0.00019
 4362.0662    4362.06693   0.00011
 4365.9301    4365.93006   0.00012
 4367.8316    4367.83219   0.00015
 4369.8756    4369.87594   0.00010
 4370.7532    4370.75372   0.00009
 4371.3290    4371.32988   0.00018
 4374.1239    4374.12365   0.00012
 4375.9542    4375.95460   0.00011
 4378.1768    4378.17647   0.00019
 4379.6668    4379.66720   0.00011
 4381.4018    4381.40017   0.00017
 4381.8601    4381.85994   0.00013
 4385.0566    4385.05714   0.00012
 4391.1105    4391.11032   0.00012
 4392.9740    4392.97414   0.00019
 4400.0968    4400.09682   0.00017
 4400.9863    4400.98671   0.00011
 4401.5810    4401.58122   0.00018
 4402.9271    4402.92702   0.00016
 4408.8828    4408.88277   0.00012
 4414.4863    4414.48653   0.00010
 4416.8447    4416.84512   0.00018
 4422.0479    4422.04789   0.00016
 4423.7202    4423.72051   0.00029
 4426.0011    4426.00156   0.00010
 4430.1890    4430.18933   0.00011
 4430.9963    4430.99695   0.00012
 4432.9628    4432.96261   0.00016
 4433.8380    4433.83839   0.00015
 4434.9564    4434.95614   0.00016
 4439.4614    4439.46175   0.00014
 4445.9012    4445.89960   0.00019
 4447.8346    4447.83415   0.00032
 4448.8792    4448.87957   0.00013
 4452.5655    4452.56501   0.00016
 4454.7738    4454.77338   0.00015
 4458.0015    4458.00141   0.00016
 4461.5278    4461.52817   0.00017
 4465.3406    4465.34073   0.00020
 4470.9906    4470.98976   0.00063
 4474.7594    4474.76068   0.00011
 4475.2214    4475.22221   0.00011
 4478.5958    4478.59578   0.00027
 4481.8107    4481.81102   0.00010
 4483.3468    4483.34690   0.00017
 4486.8973    4486.89660   0.00016
 4488.6803    4488.67864   0.00014
 4490.9816    4490.98206   0.00016
 4493.3337    4493.33342   0.00012
 4498.9401    4498.94197   0.00014
 4499.9832    4499.98319   0.00012
 4502.9268    4502.92767   0.00018
 4505.2167    4505.21639   0.00015
 4506.4730    4506.47755   0.00044
 4510.7332    4510.73267   0.00018
 4513.2231    4513.22287   0.00016
 4513.6799    4513.67955   0.00018
 4515.1182    4515.11813   0.00014
 4521.1939    4521.19544   0.00015
 4522.3230    4522.32288   0.00015
 4530.3191    4530.31920   0.00012
 4530.5523    4530.55269   0.00012
 4533.0770    4533.07541   0.00015
 4533.3042    4533.30233   0.00014
 4534.1198    4534.12000   0.00044
 4535.2546    4535.25475   0.00011
 4535.4903    4535.50370   0.00053
 4540.9990    4540.99887   0.00028
 4545.0519    4545.05203   0.00011
 4545.9156    4545.91513   0.00016
 4555.8127    4555.81194   0.00014
 4561.3477    4561.34857   0.00016
 4563.6609    4563.66494   0.00020
 4564.4054    4564.40584   0.00023
 4564.8354    4564.83434   0.00050
 4567.2403    4567.23994   0.00014
 4570.9722    4570.97184   0.00013
 4579.3495    4579.35021   0.00012
 4588.4261    4588.42535   0.00018
 4589.8978    4589.89824   0.00014
 4592.6660    4592.66617   0.00011
 4593.6437    4593.64239   0.00020
 4595.4206    4595.42072   0.00009
 4596.0967    4596.09693   0.00010
 4598.7627    4598.76336   0.00011
 4603.1446    4603.14419   0.00012
 4609.5673    4609.56750   0.00012
 4621.1629    4621.16062   0.00019
 4627.2980    4627.29726   0.00022
 4628.2015    4628.20180   0.00026
 4628.4409    4628.44084   0.00015
 4631.7617    4631.75982   0.00019
 4633.7657    4633.76969   0.00019
 4637.2328    4637.23295   0.00012
 4638.6849    4638.68421   0.00021
 4651.5552    4651.55700   0.00015
 4651.9895    4651.98883   0.00020
 4655.2126    4655.21239   0.00031
 4657.9012    4657.90169   0.00008
 4659.5698    4659.57100   0.00037
 4663.2026    4663.20227   0.00011
 4666.0050    4666.00548   0.00015
 4666.5158    4666.51579   0.00013
 4666.7985    4666.79878   0.00011
 4668.1716    4668.17152   0.00015
 4669.9842    4669.98366   0.00014
 4673.6609    4673.66062   0.00013
 4676.0555    4676.05657   0.00014
 4683.3517    4683.35160   0.00018
 4686.1946    4686.19425   0.00012
 4690.6219    4690.62187   0.00016
 4691.6354    4691.63231   0.00019
 4694.0914    4694.09109   0.00015
 4695.0381    4695.03717   0.00013
 4702.3161    4702.31601   0.00013
 4703.9898    4703.98938   0.00014
 4720.4586    4720.45845   0.00028
 4721.2765    4721.27635   0.00012
 4721.5910    4721.59088   0.00017
 4722.0886    4722.08844   0.00012
 4723.4382    4723.43801   0.00010
 4723.7840    4723.78377   0.00012
 4724.7723    4724.77646   0.00028
 4726.8683    4726.86863   0.00009
 4729.1282    4729.12739   0.00013
 4729.8795    4729.88004   0.00034
 4732.0532    4732.05400   0.00013
 4735.9058    4735.90645   0.00013
 4739.6764    4739.67669   0.00016
 4740.5292    4740.53176   0.00013
 4740.9585    4740.95412   0.00015
 4743.6870    4743.69258   0.00024
 4749.2002    4749.19958   0.00013
 4749.9713    4749.96976   0.00020
 4752.4141    4752.41319   0.00014
 4764.3463    4764.34554   0.00016
 4764.8646    4764.86507   0.00013
 4766.6006    4766.60048   0.00012
 4778.2940    4778.29317   0.00012
 4782.7612    4782.76081   0.00029
 4783.8617    4783.86361   0.00015
 4786.5310    4786.53108   0.00013
 4787.1480    4787.14773   0.00017
 4789.3868    4789.38648   0.00012
 4793.2446    4793.24495   0.00020
 4795.9131    4795.91372   0.00013
 4806.0205    4806.02133   0.00012
 4808.1337    4808.13364   0.00013
 4809.6140    4809.61409   0.00014
 4813.0069    4813.00690   0.00100
 4813.8963    4813.89598   0.00016
 4819.1930    4819.19174   0.00027
 4820.8847    4820.88500   0.00014
 4821.5878    4821.58747   0.00016
 4822.8548    4822.85406   0.00015
 4823.6058    4823.60559   0.00014
 4823.9967    4823.99669   0.00016
 4826.7004    4826.69912   0.00013
 4831.1213    4831.12096   0.00012
 4831.5975    4831.59741   0.00013
 4832.8025    4832.80197   0.00018
 4840.8492    4840.84265   0.00015
 4847.8095    4847.81016   0.00013
 4848.3625    4848.36222   0.00013
 4849.1399    4849.13777   0.00017
 4849.8617    4849.86150   0.00018
 4850.4397    4850.43949   0.00012
 4852.8685    4852.86858   0.00016
 4858.3327    4858.33211   0.00017
 4861.2167    4861.21675   0.00014
 4861.7173    4861.71645   0.00016
 4863.1724    4863.16691   0.00010
 4865.4775    4865.47714   0.00013
 4865.9100    4865.91446   0.00018
 4868.8814    4868.88115   0.00021
 4872.9169    4872.91928   0.00012
 4874.3645    4874.36442   0.00014
 4878.0094    4878.00941   0.00015
 4878.7330    4878.73258   0.00014
 4879.8635    4879.86402   0.00014
 4881.2046    4881.20375   0.00019
 4882.2432    4882.24409   0.00021
 4889.0422    4889.04262   0.00013
 4894.9551    4894.95430   0.00013
 4902.0545    4902.04754   0.00021
 4904.7516    4904.75083   0.00021
 4919.8157    4919.81522   0.00012
 4921.6134    4921.61418   0.00013
 4922.9442    4922.94368   0.00021
 4924.4223    4924.42178   0.00026
 4925.9501    4925.94985   0.00035
 4927.7803    4927.77955   0.00015
 4929.0860    4929.08445   0.00036
 4929.9850    4929.98590   0.00015
 4933.2091    4933.20931   0.00011
 4936.7746    4936.77487   0.00020
 4937.8295    4937.82895   0.00020
 4939.6422    4939.64197   0.00016
 4943.0642    4943.06406   0.00015
 4945.4587    4945.45810   0.00016
 4946.6637    4946.66283   0.00019
 4950.6264    4950.62541   0.00019
 4961.7260    4961.72560   0.00037
 4965.0795    4965.07985   0.00012
 4965.7315    4965.73033   0.00019
 4968.7556    4968.77257   0.00815
 4970.0785    4970.08385   0.00248
 4972.1597    4972.16127   0.00022
 4982.4875    4982.48636   0.00017
 4985.3725    4985.37142   0.00018
 4989.3086    4989.30823   0.00013
 4993.7488    4993.74878   0.00022
 5002.0972    5002.09648   0.00012
 5003.5981    5003.59786   0.00030
 5004.1279    5004.12596   0.00031
 5009.3344    5009.33558   0.00013
 5017.1628    5017.17430   0.00033
 5019.8062    5019.80600   0.00020
 5028.6556    5028.64948   0.00013
 5029.8916    5029.89112   0.00014
 5039.2303    5039.22982   0.00013
 5044.7195    5044.72013   0.00015
 5045.2481    5045.24743   0.00020
 5047.0434    5047.04335   0.00014
 5049.7960    5049.79714   0.00016
 5050.7842    5050.78383   0.00014
 5062.0371    5062.03748   0.00013
 5062.9325    5062.93166   0.00029
 5063.5157    5063.51462   0.00014
 5063.9988    5064.00660   0.00015
 5064.6020    5064.60152   0.00014
 5064.9454    5064.94510   0.00012
 5066.1355    5066.13565   0.00014
 5066.7773    5066.77781   0.00015
 5067.1379    5067.13887   0.00031
 5067.9737    5067.97358   0.00012
 5090.5455    5090.51420   0.00026
 5096.4848    5096.48440   0.00016
 5098.0432    5098.04337   0.00017
 5100.6211    5100.61837   0.00014
 5101.1299    5101.12941   0.00026
 5111.2781    5111.27767   0.00020
 5115.0448    5115.04406   0.00014
 5137.4733    5137.47354   0.00017
 5140.7736    5140.76410   0.00019
 5141.7827    5141.78314   0.00013
 5143.2673    5143.26758   0.00018
 5143.9165    5143.91591   0.00014
 5145.3083    5145.30889   0.00017
 5148.2115    5148.21191   0.00016
 5151.6120    5151.61137   0.00012
 5154.2430    5154.24280   0.00012
 5158.6041    5158.60442   0.00012
 5161.5396    5161.53993   0.00019
 5162.2846    5162.28755   0.00016
 5163.4584    5163.45810   0.00015
 5175.3248    5175.32407   0.00020
 5176.9610    5176.96170   0.00014
 5177.6228    5177.61618   0.00032
 5183.9896    5183.98797   0.00047
 5187.3374    5187.33734   0.00021
 5187.7462    5187.74726   0.00012
 5190.8720    5190.87169   0.00016
 5193.8256    5193.82555   0.00022
 5194.4576    5194.45699   0.00016
 5195.8136    5195.81303   0.00016
 5198.7999    5198.80186   0.00015
 5199.1637    5199.16365   0.00016
 5211.2305    5211.22975   0.00014
 5216.5966    5216.59628   0.00014
 5218.5271    5218.52722   0.00016
 5219.1099    5219.10929   0.00014
 5220.9263    5220.92737   0.00017
 5221.2710    5221.28012   0.00015
 5228.2246    5228.22547   0.00017
 5231.1597    5231.15912   0.00012
 5238.8137    5238.81361   0.00015
 5239.5520    5239.55076   0.00017
 5247.6547    5247.65382   0.00017
 5258.3602    5258.35965   0.00014
 5260.1041    5260.10335   0.00017
 5261.4720    5261.47309   0.00053
 5265.5514    5265.55127   0.00020
 5266.7103    5266.70955   0.00018
 5270.2660    5270.26556   0.00018
 5274.1188    5274.11843   0.00017
 5277.5002    5277.49953   0.00022
 5296.2787    5296.27879   0.00014
 5297.7431    5297.74423   0.00015
 5298.2824    5298.28179   0.00016
 5300.5234    5300.52341   0.00015
 5306.9864    5306.98711   0.00028
 5307.4655    5307.46511   0.00018
 5310.2665    5310.26506   0.00014
 5312.0018    5312.00130   0.00012
 5312.5288    5312.52882   0.00013
 5312.9045    5312.90394   0.00014
 5326.2774    5326.27581   0.00022
 5326.9756    5326.97545   0.00016
 5330.0804    5330.07869   0.00024
 5343.5812    5343.58022   0.00016
 5347.9714    5347.97127   0.00022
 5349.4608    5349.46007   0.00017
 5351.1265    5351.12598   0.00019
 5360.1501    5360.14965   0.00018
 5378.8356    5378.83490   0.00014
 5379.1105    5379.11026   0.00013
 5382.9276    5382.92698   0.00014
 5384.0356    5384.03563   0.00020
 5386.6107    5386.61027   0.00017
 5388.0507    5388.05097   0.00015
 5392.5726    5392.57274   0.00015
 5393.9719    5393.97122   0.00017
 5394.7608    5394.76023   0.00013
 5407.6535    5407.65329   0.00015
 5410.7687    5410.76862   0.00016
 5415.5226    5415.51568   0.00019
 5417.4858    5417.48538   0.00014
 5421.3517    5421.35855   0.00020
 5424.0079    5424.00702   0.00026
 5425.6783    5425.67729   0.00013
 5431.1120    5431.11142   0.00015
 5434.1514    5434.15071   0.00018
 5451.6520    5451.65459   0.00018
 5452.2187    5452.21827   0.00014
 5464.2055    5464.20517   0.00014
 5470.7591    5470.75872   0.00017
 5479.0751    5479.07596   0.00028
 5492.6435    5492.64292   0.00021
 5494.3306    5494.33090   0.00020
 5495.8738    5495.87880   0.00015
 5496.1370    5496.13658   0.00018
 5499.2554    5499.25518   0.00015
 5504.3018    5504.30142   0.00017
 5506.1128    5506.11880   0.00020
 5509.9938    5509.99315   0.00016
 5514.8731    5514.87287   0.00017
 5518.9893    5518.99023   0.00030
 5524.5824    5524.58810   0.00020
 5539.2618    5539.26123   0.00016
 5539.9106    5539.90999   0.00017
 5542.8900    5542.88973   0.00023
 5548.1758    5548.17498   0.00014
 5552.6229    5552.62182   0.00019
 5557.0454    5557.04518   0.00013
 5558.3422    5558.34277   0.00015
 5558.7020    5558.70396   0.00014
 5559.8912    5559.89126   0.00015
 5564.2011    5564.20156   0.00016
 5567.9986    5568.00573   0.00016
 5571.1913    5571.19371   0.00017
 5572.4649    5572.48204   0.00041
 5573.3535    5573.35344   0.00016
 5576.2045    5576.20481   0.00018
 5579.3583    5579.35786   0.00017
 5587.0263    5587.02649   0.00014
 5588.7506    5588.74874   0.00015
 5593.6129    5593.61279   0.00020
 5594.4604    5594.46056   0.00015
 5595.0635    5595.06352   0.00018
 5598.4794    5598.47925   0.00015
 5601.6032    5601.60285   0.00016
 5602.8630    5602.84575   0.00027
 5604.5154    5604.51443   0.00016
 5606.3861    5606.38608   0.00017
 5606.7330    5606.73537   0.00015
 5610.6809    5610.68027   0.00018
 5612.0679    5612.06761   0.00016
 5615.3195    5615.31909   0.00015
 5645.5249    5645.52770   0.00024
 5645.6688    5645.66478   0.00026
 5646.4514    5646.45182   0.00034
 5648.6863    5648.69478   0.00027
 5648.9910    5648.98922   0.00015
 5650.7043    5650.70626   0.00013
 5657.9255    5657.92557   0.00015
 5659.1272    5659.13584   0.00024
 5665.1799    5665.17978   0.00018
 5677.0529    5677.05193   0.00018
 5685.1921    5685.19203   0.00021
 5700.9176    5700.91517   0.00014
 5707.1033    5707.10256   0.00016
 5719.6227    5719.62213   0.00017
 5720.1828    5720.18247   0.00016
 5725.3885    5725.38828   0.00017
 5739.5196    5739.52153   0.00016
 5741.1705    5741.16987   0.00017
 5741.8290    5741.82853   0.00016
 5748.7412    5748.74125   0.00014
 5749.3883    5749.38869   0.00016
 5749.7862    5749.78382   0.00017
 5753.0265    5753.02643   0.00022
 5760.5508    5760.55006   0.00018
 5763.5290    5763.52837   0.00016
 5768.1812    5768.18101   0.00018
 5773.9463    5773.94830   0.00017
 5789.6451    5789.64463   0.00017
 5792.4304    5792.42989   0.00019
 5796.0683    5796.06717   0.00018
 5800.8297    5800.82882   0.00018
 5804.1412    5804.14072   0.00017
 5815.4219    5815.42149   0.00022
 5834.2633    5834.26411   0.00017
 5840.6404    5840.64004   0.00017
 5843.8069    5843.80680   0.00021
 5845.9188    5845.91892   0.00021
 5852.6806    5852.68177   0.00019
 5853.4745    5853.47526   0.00019
 5860.3103    5860.31183   0.00015
 5863.7184    5863.71773   0.00018
 5882.6242    5882.62588   0.00015
 5885.7016    5885.70158   0.00020
 5888.5841    5888.58792   0.00014
 5891.4510    5891.45063   0.00017
 5895.2818    5895.28069   0.00024
 5899.8441    5899.84409   0.00017
 5905.5707    5905.57004   0.00019
 5912.0853    5912.08689   0.00013
 5914.3856    5914.38569   0.00017
 5914.6709    5914.67637   0.00015
 5937.6634    5937.66305   0.00016
 5938.4570    5938.45759   0.00017
 5938.8252    5938.82448   0.00017
 5944.6472    5944.64751   0.00018
 5948.7991    5948.79981   0.00020
 5973.6649    5973.66474   0.00014
 5975.0648    5975.06461   0.00017
 5987.3016    5987.30453   0.00018
 5989.0447    5989.04454   0.00015
 5991.0071    5991.00717   0.00016
 5994.1287    5994.12837   0.00016
 6001.2033    6001.20306   0.00018
 6005.1650    6005.16514   0.00019
 6007.0722    6007.07144   0.00017
 6010.1606    6010.16091   0.00017
 6021.0357    6021.03551   0.00017
 6042.5898    6042.58974   0.00016
 6043.2233    6043.22648   0.00014
 6044.4327    6044.43617   0.00017
 6049.0510    6049.05118   0.00018
 6050.9818    6050.98221   0.00015
 6052.7229    6052.72420   0.00019
 6053.3808    6053.38100   0.00014
 6077.8728    6077.87264   0.00016
 6079.2227    6079.22189   0.00021
 6085.3748    6085.37309   0.00020
 6088.0305    6088.03072   0.00021
 6098.8031    6098.80757   0.00017
 6101.7251    6101.72476   0.00018
 6105.6351    6105.63759   0.00019
 6107.5337    6107.53309   0.00019
 6112.8375    6112.83657   0.00018
 6114.9234    6114.92457   0.00016
 6122.2144    6122.21475   0.00016
 6124.4805    6124.48113   0.00018
 6151.9929    6151.99255   0.00017
 6154.0682    6154.06864   0.00018
 6154.5162    6154.51618   0.00017
 6155.2385    6155.24347   0.00018
 6155.5810    6155.58023   0.00016
 6157.0878    6157.08734   0.00021
 6161.3534    6161.35072   0.00018
 6162.1700    6162.17075   0.00014
 6164.4796    6164.47948   0.00018
 6178.4315    6178.43005   0.00019
 6180.7050    6180.70447   0.00024
 6182.6217    6182.62060   0.00018
 6188.1251    6188.12400   0.00016
 6191.9053    6191.90566   0.00018
 6198.2227    6198.22297   0.00017
 6203.4925    6203.49284   0.00016
 6207.2201    6207.22028   0.00017
 6215.9383    6215.94022   0.00017
 6220.0112    6220.01159   0.00032
 6224.5272    6224.52658   0.00017
 6226.3697    6226.36959   0.00017
 6234.8554    6234.85468   0.00018
 6261.4181    6261.41715   0.00015
 6271.5444    6271.54485   0.00018
 6274.1166    6274.11670   0.00015
 6276.1646    6276.16339   0.00021
 6279.1660    6279.16383   0.00020
 6296.8722    6296.87351   0.00016
 6307.6570    6307.66070   0.00017
 6326.3669    6326.36631   0.00019
 6327.2778    6327.27676   0.00018
 6337.6201    6337.62094   0.00020
 6339.6684    6339.66814   0.00021
 6342.8595    6342.85884   0.00018
 6348.7375    6348.73711   0.00016
 6355.9108    6355.91060   0.00020
 6376.9305    6376.92960   0.00027
 6384.7169    6384.71862   0.00018
 6387.3957    6387.39657   0.00018
 6388.8134    6388.81349   0.00019
 6411.8991    6411.89776   0.00020
 6413.6145    6413.61336   0.00018
 6416.3071    6416.30827   0.00016
 6437.7613    6437.76094   0.00022
 6439.0715    6439.07058   0.00019
 6457.2824    6457.28144   0.00017
 6499.6456    6499.64525   0.00018
 6501.9919    6501.99214   0.00020
 6506.9868    6506.98714   0.00019
 6509.0503    6509.05150   0.00018
 6512.3639    6512.36386   0.00017
 6531.3418    6531.34069   0.00020
 6538.1120    6538.10300   0.00018
 6554.1603    6554.16121   0.00020
 6577.2146    6577.21371   0.00021
 6583.9060    6583.90583   0.00017
 6588.5396    6588.53872   0.00018
 6591.4845    6591.48330   0.00025
 6593.9391    6593.93918   0.00019
 6619.9458    6619.94388   0.00023
 6638.2207    6638.22298   0.00028
 6638.9119    6638.91179   0.00019
 6639.7403    6639.74143   0.00016
 6662.2686    6662.26723   0.00019
 6666.3588    6666.35982   0.00019
 6674.6969    6674.69727   0.00020
 6677.2817    6677.28267   0.00016
 6678.7067    6678.70706   0.00022
 6683.3673    6683.36804   0.00020
 6684.2929    6684.29492   0.00028
 6697.7123    6697.71165   0.00024
 6713.9700    6713.96925   0.00022
 6719.1995    6719.20842   0.00022
 6752.8335    6752.83453   0.00019
 6756.4528    6756.45413   0.00030
 6766.6117    6766.61445   0.00019
 6824.6774    6824.67783   0.00034
 6827.2488    6827.25189   0.00025
 6829.0355    6829.03478   0.00027
 6834.9246    6834.92380   0.00019
 6886.4082    6886.40775   0.00022
 6887.0881    6887.08903   0.00021
 6888.1742    6888.17461   0.00019
 6889.3032    6889.30231   0.00024
 6937.6642    6937.66520   0.00020
 6943.6105    6943.61029   0.00020
 6951.4776    6951.48094   0.00020
 6960.2500    6960.25246   0.00019
 6965.4307    6965.43053   0.00132
 6989.6553    6989.65517   0.00019
 7030.2514    7030.25248   0.00014
 7036.2831    7036.28056   0.00019
 7045.7970    7045.79659   0.00021
 7084.1690    7084.16842   0.00019
 7124.5607    7124.55894   0.00028
 7125.8200    7125.82190   0.00025
 7173.3725    7173.37091   0.00019
 7191.1328    7191.21965   0.00304
 7242.0919    7242.09254   0.00036
 7244.6965    7244.69650   0.00026
 7265.1724    7265.17418   0.00024
 7270.6636    7270.66199   0.00021
 7272.9359    7272.93621   0.00023
 7324.8073    7324.80657   0.00088
 7326.1491    7326.14847   0.00020
 7328.2850    7328.28361   0.00019
 7341.1515    7341.15102   0.00017
 7383.9805    7383.98007   0.00210
 7385.5006    7385.49880   0.00025
 7392.9801    7392.98242   0.00020
 7402.2521    7402.25238   0.00035
 7412.3368    7412.33824   0.00021
 7418.5499    7418.54959   0.00019
 7425.2942    7425.29315   0.00016
 7428.9405    7428.93895   0.00021
 7430.2533    7430.25331   0.00024
 7435.3683    7435.36906   0.00022
 7436.2970    7436.29816   0.00020
 7500.6556    7500.65736   0.00022
 7503.8691    7503.86889   0.00093
 7549.3138    7549.31259   0.00024
 7567.7417    7567.74122   0.00021
 7589.3151    7589.31400   0.00022
 7652.3202    7652.31691   0.00034
 7653.8284    7653.82650   0.00020
 7660.8903    7660.88562   0.00163
 7670.0575    7670.05996   0.00019
 7723.7611    7723.76161   0.00205
 7724.2072    7724.20358   0.00225
 7728.9510    7728.95089   0.00025
 7840.2981    7840.30431   0.00042
 7841.7911    7841.79020   0.00021
 7847.5394    7847.53805   0.00021
 7848.4547    7848.45556   0.00040
 7900.3200    7900.31764   0.00028
 7937.7335    7937.73350   0.00046
 7941.7259    7941.72630   0.00034
 8006.1567    8006.15066   0.00132
 8014.7857    8014.78272   0.00253
 8022.2014    8022.20821   0.00033
 8093.6238    8093.62265   0.00035
 8103.6931    8103.68081   0.00295
 8115.3110    8115.29404   0.00421
 8119.1811    8119.18040   0.00024
 8129.4051    8129.40427   0.00028
 8320.8554    8320.85458   0.00026
 8408.2096    8408.19936   0.00604
 8416.7269    8416.72734   0.00025
 8417.9982    8417.99749   0.00033
 8421.2254    8421.22566   0.00023
 8521.4422    8521.43880   0.00232
 8605.7762    8605.77640   0.00028
 8620.4602    8620.46163   0.00022
 8709.2341    8709.23307   0.00049
 8841.1822    8841.18314   0.00044
 8849.9165    8849.91144   0.00026
 9063.9600    9063.95860   0.00027
 9075.3945    9075.39825   0.00024
 9194.6385    9194.63939   0.00041
